See the graph:
tensorboard --logdir=tensorboard-dota2



[dota2_0]
[lr: 0001, batch_size: 16, epoc: 10k]
Epoch 10000/10000
71us/step - loss: 0.1208 - accuracy: 0.9697 - val_loss: 0.9938 - val_accuracy: 0.6250
                  Strength   Agility  Intelligent
ArcWarden         0.009563  0.005395     0.985042
Jakiro            0.009056  0.004618     0.986326
WinterWyvern      0.006125  0.011727     0.982149
Bloodseeker       0.024641  0.970109     0.005250
Phoenix           0.100033  0.075751     0.824216
Io                0.053518  0.035139     0.911343
Leshrac           0.006120  0.011743     0.982137
OutworldDevourer  0.054543  0.143766     0.801692
Brewmaster        0.966273  0.023261     0.010466
Tusk              0.061104  0.926772     0.012124
Weaver            0.006466  0.980753     0.012781
Undying           0.306004  0.003001     0.690995
Alchemist         0.347432  0.098174     0.554394
Phantom Lancer    0.015131  0.979257     0.005612
CrystalMaiden     0.006131  0.011760     0.982110
Invoker           0.006120  0.011743     0.982137



[dota2_1]
[lr: 0001, batch_size: 16, epoc: 10k]
Epoch 10000/10000
0s 70us/step - loss: 0.1728 - accuracy: 0.9293 - val_loss: 0.8944 - val_accuracy: 0.5625

                  Strength   Agility  Intelligent
ArcWarden         0.024568  0.006935     0.968498
Jakiro            0.017773  0.005565     0.976662
WinterWyvern      0.015455  0.007855     0.976690
Bloodseeker       0.088316  0.908255     0.003429
Phoenix           0.343397  0.036987     0.619616
Io                0.343291  0.037009     0.619700
Leshrac           0.004960  0.061923     0.933117
OutworldDevourer  0.004174  0.479194     0.516632
Brewmaster        0.737918  0.247405     0.014677
Tusk              0.071073  0.923097     0.005830
Weaver            0.163470  0.365553     0.470978
Undying           0.398514  0.027305     0.574181
Alchemist         0.262933  0.254210     0.482858
Phantom Lancer    0.031311  0.932167     0.036522
CrystalMaiden     0.017773  0.005565     0.976661
Invoker           0.017773  0.005565     0.976662



[dota2_2]
[lr: 0001, batch_size: 16, epoc: 20k]
Epoch 20000/20000
66us/step - loss: 0.2176 - accuracy: 0.9697 - val_loss: 1.1186 - val_accuracy: 0.6250
                  Strength   Agility  Intelligent
ArcWarden         0.024430  0.070182     0.905388
Jakiro            0.024430  0.070181     0.905389
WinterWyvern      0.024442  0.070424     0.905134
Bloodseeker       0.035873  0.962485     0.001642
Phoenix           0.024430  0.070181     0.905389
Io                0.024431  0.070184     0.905385
Leshrac           0.024442  0.070434     0.905124
OutworldDevourer  0.026605  0.179550     0.793845
Brewmaster        0.928384  0.048640     0.022977
Tusk              0.058623  0.938638     0.002739
Weaver            0.022132  0.489180     0.488688
Undying           0.071734  0.000331     0.927935
Alchemist         0.471345  0.015816     0.512840
Phantom Lancer    0.035823  0.962536     0.001640
CrystalMaiden     0.024431  0.070185     0.905384
Invoker           0.024430  0.070181     0.905389



[dota2_3]
[lr: 0001, batch_size: 16, epoc: 20k]
Epoch 20000/20000
68us/step - loss: 0.8218 - accuracy: 0.6061 - val_loss: 1.0663 - val_accuracy: 0.6250
                  Strength   Agility  Intelligent
ArcWarden         0.020577  0.320872     0.658551
Jakiro            0.020577  0.320872     0.658551
WinterWyvern      0.020577  0.320872     0.658551
Bloodseeker       0.549268  0.347074     0.103658
Phoenix           0.020577  0.320872     0.658551
Io                0.020577  0.320872     0.658551
Leshrac           0.020577  0.320872     0.658551
OutworldDevourer  0.020577  0.320872     0.658551
Brewmaster        0.549268  0.347074     0.103658
Tusk              0.549268  0.347074     0.103658
Weaver            0.020577  0.320872     0.658551
Undying           0.549273  0.347070     0.103657
Alchemist         0.549268  0.347074     0.103658
Phantom Lancer    0.549279  0.347059     0.103663
CrystalMaiden     0.020577  0.320872     0.658551
Invoker           0.020577  0.320872     0.658551
